0 seed - rate [0.45193 0.47668 0.50933 0.54222 0.57847 0.62144 0.66185 0.71001 0.75751
 0.80279 0.84874 0.89189 0.92728 0.95514 0.97549 0.98861 0.9952  0.99841
 0.99955 0.99999 1.      1.      1.      1.      1.      1.      1.
 1.      1.      1.     ]

1 seed - rate [0.45229 0.47483 0.50941 0.53949 0.57808 0.61788 0.65883 0.70696 0.75458
 0.80303 0.85026 0.88807 0.92579 0.95306 0.97424 0.9878  0.995   0.9985
 0.99957 0.99987 1.      1.      1.      1.      1.      1.      1.
 1.      1.      1.     ]

2 seed - rate [0.45117 0.47863 0.50998 0.53984 0.57974 0.61882 0.66062 0.71007 0.75535
 0.80165 0.84884 0.891   0.9267  0.95417 0.97496 0.98779 0.99529 0.9985
 0.9997  0.99995 0.99999 1.      1.      1.      1.      1.      1.
 1.      1.      1.     ]

3 seed - rate [0.45069 0.47941 0.50594 0.5412  0.57803 0.61991 0.66339 0.70839 0.75356
 0.80089 0.84727 0.88858 0.92624 0.95394 0.97494 0.98763 0.99539 0.9983
 0.99951 0.99993 1.      1.      1.      1.      1.      1.      1.
 1.      1.      1.     ]

4 seed - rate [0.44453 0.47121 0.4998  0.53062 0.56294 0.60205 0.63813 0.68333 0.7304
 0.77332 0.81786 0.85987 0.89815 0.93134 0.95614 0.97603 0.98815 0.99464
 0.99815 0.99951 0.99988 0.99998 1.      1.      1.      1.      1.
 1.      1.      1.     ]

5 seed - rate [0.45157 0.47556 0.50924 0.54475 0.57829 0.61738 0.6636  0.70977 0.75726
 0.80519 0.85176 0.89429 0.92766 0.95539 0.97497 0.98879 0.99502 0.99865
 0.99968 0.99996 1.      1.      1.      1.      1.      1.      1.
 1.      1.      1.     ]

6 seed - rate [0.44971 0.47477 0.50826 0.54107 0.57375 0.6158  0.66069 0.70282 0.74966
 0.79719 0.84507 0.8859  0.92297 0.95131 0.97378 0.98698 0.99437 0.99829
 0.99953 0.99991 1.      1.      1.      1.      1.      1.      1.
 1.      1.      1.     ]

7 seed - rate [0.45048 0.47847 0.50928 0.54129 0.57721 0.61822 0.65767 0.70904 0.75312
 0.80072 0.84703 0.88953 0.92427 0.9539  0.97388 0.98804 0.99505 0.99842
 0.99956 0.99995 1.      1.      1.      1.      1.      1.      1.
 1.      1.      1.     ]

8 seed - rate [0.44997 0.47589 0.50745 0.54241 0.57676 0.61748 0.66312 0.70893 0.7536
 0.80059 0.8457  0.88854 0.92437 0.95346 0.97411 0.98803 0.99468 0.99834
 0.99969 0.99994 1.      1.      1.      1.      1.      1.      1.
 1.      1.      1.     ]

9 seed - rate [0.44812 0.47414 0.5047  0.53707 0.57499 0.61794 0.65963 0.70588 0.75422
 0.80177 0.8482  0.88897 0.92576 0.95355 0.97501 0.98773 0.99523 0.99852
 0.99966 0.99992 0.99999 1.      1.      1.      1.      1.      1.
 1.      1.      1.     ]

10 seed - rate [0.45138 0.47669 0.50767 0.53926 0.57757 0.61482 0.66006 0.70596 0.7533
 0.8004  0.84421 0.8877  0.92266 0.95156 0.97269 0.98662 0.99425 0.99803
 0.9995  0.99993 1.      1.      1.      1.      1.      1.      1.
 1.      1.      1.     ]

11 seed - rate [0.44963 0.47494 0.50748 0.53851 0.57556 0.62014 0.65937 0.70481 0.75447
 0.79953 0.84993 0.88854 0.92605 0.95453 0.97415 0.98812 0.99511 0.99862
 0.99969 0.9999  1.      1.      1.      1.      1.      1.      1.
 1.      1.      1.     ]

12 seed - rate [0.43815 0.46557 0.49211 0.52654 0.56238 0.6041  0.6443  0.69139 0.74132
 0.78669 0.83552 0.87886 0.91729 0.9485  0.97071 0.98561 0.994   0.99794
 0.99942 0.99993 0.99998 0.99999 1.      1.      1.      1.      1.
 1.      1.      1.     ]

13 seed - rate [0.45214 0.47793 0.50633 0.53885 0.57652 0.61706 0.66008 0.70504 0.75399
 0.80242 0.84666 0.88754 0.9258  0.95383 0.97429 0.98741 0.99483 0.99824
 0.99957 0.99994 0.99999 1.      1.      1.      1.      1.      1.
 1.      1.      1.     ]

14 seed - rate [0.45269 0.47991 0.50819 0.54377 0.57876 0.62035 0.66172 0.70766 0.7567
 0.80491 0.84777 0.88965 0.92685 0.95478 0.97513 0.98851 0.9955  0.99826
 0.99963 0.99991 1.      1.      1.      1.      1.      1.      1.
 1.      1.      1.     ]

15 seed - rate [0.45302 0.47535 0.50982 0.54401 0.57661 0.6156  0.65843 0.71124 0.75247
 0.80033 0.85032 0.89094 0.92551 0.95303 0.97361 0.98867 0.99514 0.99848
 0.99969 0.99992 0.99997 1.      1.      1.      1.      1.      1.
 1.      1.      1.     ]

16 seed - rate [0.45157 0.47438 0.51076 0.54087 0.57597 0.61627 0.66009 0.70621 0.75401
 0.79927 0.84587 0.88761 0.92445 0.95316 0.97523 0.98837 0.99489 0.99825
 0.99956 0.99997 0.99998 1.      1.      1.      1.      1.      1.
 1.      1.      1.     ]

17 seed - rate [0.45038 0.47803 0.5095  0.54007 0.57711 0.61864 0.66118 0.70872 0.75946
 0.80265 0.84794 0.88955 0.92668 0.95404 0.97539 0.98777 0.99549 0.99836
 0.99953 0.99998 1.      1.      1.      1.      1.      1.      1.
 1.      1.      1.     ]

18 seed - rate [0.4557  0.47823 0.5068  0.54184 0.58036 0.61821 0.66366 0.70896 0.75933
 0.80234 0.84809 0.88928 0.92674 0.95469 0.97419 0.98777 0.99521 0.99826
 0.99959 0.99998 0.99998 1.      1.      1.      1.      1.      1.
 1.      1.      1.     ]

19 seed - rate [0.45005 0.47762 0.50793 0.53982 0.57783 0.61733 0.659   0.70943 0.75447
 0.80229 0.84962 0.88841 0.92444 0.95453 0.9747  0.98764 0.99531 0.99835
 0.99961 0.99991 1.      1.      1.      1.      1.      1.      1.
 1.      1.      1.     ]

20 seed - rate [0.45432 0.48123 0.50872 0.54337 0.58043 0.62149 0.66698 0.71168 0.76012
 0.80681 0.85159 0.89214 0.92849 0.95603 0.97542 0.98872 0.99572 0.99865
 0.99958 0.99994 0.99998 1.      1.      1.      1.      1.      1.
 1.      1.      1.     ]

21 seed - rate [0.45663 0.48105 0.5109  0.54073 0.58031 0.62246 0.66383 0.70867 0.75615
 0.80722 0.85197 0.89118 0.92924 0.95455 0.97639 0.98882 0.99543 0.99869
 0.99976 0.99997 0.99999 1.      1.      1.      1.      1.      1.
 1.      1.      1.     ]

22 seed - rate [0.45059 0.47485 0.50833 0.53949 0.57919 0.61741 0.66167 0.70785 0.75538
 0.80356 0.84505 0.88853 0.92441 0.95423 0.97436 0.98746 0.99476 0.99823
 0.99951 0.99993 0.99998 1.      1.      1.      1.      1.      1.
 1.      1.      1.     ]

23 seed - rate [0.45177 0.47852 0.5077  0.54209 0.58054 0.62087 0.6637  0.70937 0.75791
 0.80288 0.84957 0.89243 0.92641 0.95569 0.97529 0.98807 0.99572 0.99865
 0.99963 0.99994 1.      1.      1.      1.      1.      1.      1.
 1.      1.      1.     ]

24 seed - rate [0.44922 0.4788  0.50505 0.53767 0.57607 0.61311 0.65867 0.70451 0.75249
 0.79947 0.84587 0.88775 0.92565 0.95323 0.97395 0.98785 0.99505 0.99841
 0.99948 0.99988 0.99998 1.      1.      1.      1.      1.      1.
 1.      1.      1.     ]

25 seed - rate [0.4468  0.47584 0.50759 0.53851 0.57841 0.6172  0.65943 0.70638 0.7528
 0.79941 0.84798 0.88852 0.92366 0.9545  0.97386 0.98761 0.99537 0.9984
 0.99963 0.9999  0.99999 1.      1.      1.      1.      1.      1.
 1.      1.      1.     ]

26 seed - rate [0.44837 0.47833 0.50227 0.53943 0.57556 0.61352 0.65748 0.70275 0.75203
 0.79883 0.84474 0.8877  0.925   0.95379 0.97512 0.98775 0.99545 0.99828
 0.99962 0.99993 0.99999 1.      1.      1.      1.      1.      1.
 1.      1.      1.     ]

27 seed - rate [0.45072 0.48006 0.50893 0.5417  0.58072 0.62041 0.65848 0.70526 0.75723
 0.80378 0.84797 0.89008 0.92491 0.95495 0.97536 0.98819 0.99481 0.99844
 0.99972 0.99995 1.      1.      1.      1.      1.      1.      1.
 1.      1.      1.     ]

28 seed - rate [0.44901 0.47729 0.50522 0.54033 0.57625 0.61587 0.6608  0.70784 0.7526
 0.80374 0.84535 0.8882  0.9246  0.95299 0.97414 0.98756 0.99516 0.99815
 0.99947 0.99987 0.99998 1.      1.      1.      1.      1.      1.
 1.      1.      1.     ]

29 seed - rate [0.39697 0.42617 0.45547 0.49138 0.53002 0.57111 0.61902 0.66813 0.71996
 0.77085 0.8192  0.86443 0.9046  0.93859 0.96492 0.98205 0.99226 0.99693
 0.99919 0.99978 0.99996 1.      1.      1.      1.      1.      1.
 1.      1.      1.     ]

30 seed - rate [0.45075 0.48082 0.5087  0.53919 0.57884 0.61744 0.65996 0.70882 0.75348
 0.80122 0.8478  0.8897  0.92614 0.95473 0.97418 0.98763 0.99501 0.99824
 0.99953 0.99997 1.      0.99999 1.      1.      1.      1.      1.
 1.      1.      1.     ]

31 seed - rate [0.42734 0.45123 0.47296 0.50261 0.52841 0.5586  0.5895  0.61843 0.64751
 0.6741  0.69904 0.71742 0.73004 0.74108 0.74346 0.7485  0.74955 0.75106
 0.74845 0.74992 0.74979 0.75053 0.74985 0.7499  0.74993 0.74966 0.74974
 0.74977 0.74977 0.74977]

32 seed - rate [0.45388 0.47994 0.50899 0.54454 0.57903 0.62012 0.66348 0.70951 0.75738
 0.80441 0.84996 0.89319 0.92876 0.95616 0.97584 0.98843 0.99542 0.99862
 0.99972 0.99991 0.99998 1.      1.      1.      1.      1.      1.
 1.      1.      1.     ]

33 seed - rate [0.45324 0.48075 0.50939 0.54391 0.57869 0.61574 0.66491 0.70596 0.75355
 0.80431 0.84734 0.89163 0.9284  0.95503 0.97452 0.98744 0.995   0.99836
 0.99964 0.99991 1.      1.      1.      1.      1.      1.      1.
 1.      1.      1.     ]

34 seed - rate [0.45154 0.47899 0.50747 0.53844 0.57955 0.61366 0.66035 0.70427 0.75058
 0.80026 0.84621 0.88978 0.92262 0.95238 0.97374 0.98696 0.99489 0.99813
 0.99945 0.99987 0.99998 1.      1.      1.      1.      1.      1.
 1.      1.      1.     ]

35 seed - rate [0.45176 0.47604 0.50694 0.54088 0.57518 0.61779 0.66076 0.70858 0.75337
 0.80209 0.8458  0.88922 0.92482 0.95423 0.97522 0.98835 0.99481 0.99834
 0.99962 0.99993 0.99999 1.      1.      1.      1.      1.      1.
 1.      1.      1.     ]

36 seed - rate [0.44612 0.4692  0.50249 0.53321 0.56785 0.61116 0.65302 0.6956  0.74942
 0.79243 0.84196 0.88433 0.92089 0.95084 0.97325 0.98677 0.99471 0.99825
 0.99962 0.99993 1.      1.      1.      1.      1.      1.      1.
 1.      1.      1.     ]

37 seed - rate [0.45078 0.47939 0.50942 0.54063 0.57951 0.61617 0.66111 0.70725 0.75398
 0.80232 0.84685 0.88839 0.92531 0.95301 0.97463 0.98744 0.99505 0.99867
 0.99953 0.99989 1.      1.      1.      1.      1.      1.      1.
 1.      1.      1.     ]

38 seed - rate [0.45276 0.47962 0.50369 0.54202 0.5754  0.61635 0.66176 0.70857 0.75419
 0.80215 0.84726 0.88907 0.92612 0.95458 0.97349 0.98794 0.99506 0.99833
 0.99958 0.99993 0.99998 1.      1.      1.      1.      1.      1.
 1.      1.      1.     ]

39 seed - rate [0.4494  0.47683 0.50544 0.53961 0.57677 0.61619 0.65731 0.70502 0.75008
 0.7988  0.84529 0.88698 0.92439 0.95417 0.97457 0.98734 0.99487 0.99817
 0.99956 0.99989 1.      1.      1.      1.      1.      1.      1.
 1.      1.      1.     ]

40 seed - rate [0.45111 0.4808  0.50636 0.54288 0.57803 0.61651 0.66107 0.70612 0.75459
 0.80228 0.84822 0.8912  0.9245  0.95479 0.97536 0.98813 0.99511 0.9985
 0.99957 0.99996 0.99997 1.      1.      1.      1.      1.      1.
 1.      1.      1.     ]

41 seed - rate [0.4543  0.47944 0.50756 0.54371 0.57891 0.61764 0.66751 0.70895 0.75709
 0.80377 0.84999 0.89223 0.92667 0.95533 0.97583 0.98753 0.99511 0.99838
 0.99969 0.9999  0.99998 1.      1.      1.      1.      1.      1.
 1.      1.      1.     ]

42 seed - rate [0.39925 0.41709 0.43582 0.45255 0.48125 0.50517 0.53146 0.55778 0.58497
 0.61572 0.64114 0.66578 0.68746 0.70898 0.72359 0.73699 0.74186 0.74826
 0.74863 0.75173 0.75041 0.74986 0.75103 0.74957 0.75067 0.75082 0.74941
 0.75024 0.75045 0.75094]

43 seed - rate [0.45234 0.47547 0.50769 0.54203 0.58071 0.61814 0.66126 0.70966 0.75605
 0.80163 0.8479  0.88771 0.92613 0.9539  0.97422 0.98788 0.99492 0.99836
 0.99959 0.99992 1.      1.      1.      1.      1.      1.      1.
 1.      1.      1.     ]

44 seed - rate [0.44987 0.47496 0.50884 0.53819 0.57582 0.61907 0.66097 0.70789 0.75498
 0.80174 0.84596 0.88956 0.9258  0.95441 0.97361 0.9876  0.99499 0.99852
 0.99965 0.99992 1.      1.      1.      1.      1.      1.      1.
 1.      1.      1.     ]

45 seed - rate [0.45502 0.47667 0.51179 0.54143 0.58034 0.62029 0.66307 0.70941 0.7573
 0.80446 0.85007 0.89369 0.92686 0.95453 0.97631 0.98854 0.99541 0.99857
 0.99956 0.99993 1.      1.      0.99999 1.      1.      1.      1.
 1.      1.      1.     ]

